        40      0.28689
        80      0.41644
       320      1.50768
       400      1.78177
      2000      7.59641
      4000     14.05076
      8000     17.20195
     16000     16.70976
     32000     17.82693
     64000     18.10525
     96000     17.92922
    128000     17.87427
    256000     17.84474
    512000     17.91179
   1024000     18.15529
   2048000     18.02791
   4000000     18.14652
   8000000     18.11633
  16000000     18.13801
  32000000     18.20382
  64000000     18.26017
